2
9.83582 12.4375 0.674353 0.730878 0.0762336 12.7191 8.27251 13.8284 0.514085 0.593114 
0.143647 0.694827 1.06499 0.06161 0.666594 0.393419 0.876748 0.040628 0.210753 0.455835 
9.01993 8.78939 0.102338 0.757314 0.355547 0.26294 0.0476618 0.260311 0.621035 0.568983 
10.0015 13.3418 0.673129 0.73814 0.300677 12.611 9.09034 14.4811 1.74291 1.07136 
1.09647 1.99233 1.79358 0.855375 1.05466 0.127916 1.23282 0.481356 1.22832 1.11988 
9.06327 8.94515 0.554002 1.01909 1.49066 0.537469 0.59858 0.957729 1.5335 1.26299 
9.62019 13.4939 1.03478 1.69973 1.90997 11.601 9.82094 14.5449 1.8631 2.26224 
1.66009 2.09128 2.71978 2.01845 1.10244 1.56162 1.99827 1.53645 1.94372 1.16375 
9.06757 9.58498 2.1049 1.32888 2.43118 1.55184 1.01771 1.77867 2.87796 1.95472 
10.0425 13.2932 1.70157 2.34258 0.943945 11.5987 8.97767 14.1622 3.10705 2.91213 
