4
10
0 0
9 0
9.10401 11.9514 2.4445 3.06266 0.0273028 14.3573 6.91176 13.0321 2.75443 3.11315 
7.51807 13.2381 5.34764 0.761595 0.981201 1.35184 4.06441 0.178903 2.69874 5.83295 
2.27163 0.382521 1.06424 2.75831 1.70973 3.06874 0.296787 1.50827 2.69721 1.79464 
9.87115 12.5653 5.379 5.36152 0.752237 9.48547 10.0826 17.2238 8.00591 4.05201 
9.67653 12.1144 3.50709 5.67153 8.21263 3.45902 3.97423 1.10894 5.79719 6.41432 
8.56405 5.21924 3.07312 7.57638 5.99605 2.28531 3.66885 2.93749 3.40183 8.22767 
6.92503 14.016 5.09552 7.1308 5.12012 11.7339 8.55972 15.7779 17.4527 7.54511 
14.9001 8.61642 12.8697 9.02221 7.49758 5.91569 11.155 3.89125 10.0407 11.4139 
7.97857 11.5825 7.20158 5.00288 7.34123 2.28294 3.52313 7.38446 8.80103 5.8378 
12.6404 16.3395 8.64421 14.0207 8.59755 10.7764 8.71626 16.2626 15.5463 13.4092 
2 2 2 1 1 1 3 3 3 1 1 1 1 1 2 1 3 
